"","gene_id","GSM6765254","GSM6765268","GSM6765281","GSM6765294","GSM6765307","GSM6765321","GSM6765335","GSM6765349","GSM6765363","GSM6765379","GSM6765393","GSM6765408"
"1671","ENSG00000086061",334.277301,324.4018208,330.0024061,3732.788196,3833.983444,3605.305932,2844.303829,2637.927382,2568.080433,3442.349313,3355.878688,3620.585586
"1704","ENSG00000087074",139.6662262,149.2075069,154.2039962,3107.65105,3274.166388,3183.089345,1458.747404,1545.624909,1496.42635,2657.64353,2843.60616,3099.627223
"3535","ENSG00000108654",417.0312166,425.5197125,418.4030673,2599.611718,2699.195482,2536.978414,2115.560072,1969.414696,2066.152939,3505.26378,3275.97656,3613.065062
"3690","ENSG00000109971",1639.618703,1549.908827,1606.619824,12200.0219,12631.52085,12044.04198,13059.52243,12189.93718,12403.89081,9821.09465,9753.280234,10567.40358
"5036","ENSG00000120694",127.3100731,122.3879577,119.9747636,3643.374416,3707.727156,3571.52219,1152.618738,1082.37514,1143.024646,2530.342306,2282.699755,2629.031761
"5047","ENSG00000120738",54.05320136,52.62771569,51.66088384,11659.56002,11375.10837,11727.38711,3239.868007,3448.591439,3364.357451,9929.664178,10241.4886,11565.68411
"6137","ENSG00000130066",852.3140876,859.5880025,840.2891575,3747.42761,3979.653682,3745.030348,3880.396037,3701.819009,3856.912072,4507.49363,4362.186304,4170.807841
"6448","ENSG00000132002",347.1984825,324.8796593,336.44637,7397.079156,7664.684386,7674.652972,5045.337942,5034.274473,5116.752327,4296.018159,4383.949758,4814.449918
"7867","ENSG00000140403",38.90604079,38.06548038,36.95555313,3607.627961,3557.101241,3566.581062,760.3091297,714.7404915,715.6556542,2463.619457,2423.58716,2679.818057
"8285","ENSG00000143384",399.9778742,406.1327569,404.9056124,2575.089037,2723.536355,2617.977664,1108.956785,1068.66299,1105.190308,3241.737493,3043.047228,3350.312243
"10792","ENSG00000163191",9214.158009,9010.688984,9043.139878,1521.680007,1519.994961,1531.451309,2263.746945,2324.321633,2308.657799,1786.129871,2011.05184,1706.725721
"12021","ENSG00000167768",3433.839731,3336.284282,3446.705385,277.9111649,270.3616516,238.9823166,69.98177138,97.2602836,95.33548498,256.9123902,262.2935378,220.6989089
"12602","ENSG00000170345",33.52044386,23.74665981,30.06429072,3023.466359,2999.928582,3082.629277,523.3627438,550.9365723,538.465684,4249.179666,4272.28515,4455.775151
"14028","ENSG00000177606",268.8026755,264.0602655,284.1376309,3181.327017,3221.911451,3354.078973,657.1115013,709.6975735,694.7323831,2807.93635,2763.245464,3095.183829
"15626","ENSG00000186081",18348.67461,18317.1924,18170.79667,1831.58359,1867.867585,1835.749824,878.2285228,950.7680848,891.5405905,3463.022478,3700.041813,3344.336887
"15789","ENSG00000186847",27177.74253,26632.92505,27415.24068,1438.148867,1543.520707,1504.041868,539.9253306,635.3166912,589.9795393,3051.304264,3194.923723,2843.665252
"17027","ENSG00000198435",47.64672446,48.92640441,45.3354933,2047.133789,2109.91947,2104.835325,427.3259872,401.6033783,420.1622151,1897.86676,1747.258763,1902.28672
"17501","ENSG00000204388",102.2336757,100.2977817,103.4984953,4900.78873,5000.168345,5173.970834,2301.977724,2463.758778,2450.630148,2350.095034,2287.926795,2706.263943
"17502","ENSG00000204389",232.1450642,207.1045443,230.8131235,10930.22907,11278.0446,11522.19514,6110.834761,6613.929552,6570.614414,5015.950137,4653.402559,5236.376761
"17775","ENSG00000205420",29067.3523,28295.63972,29087.04435,2145.950017,2250.875762,2110.241877,1039.835318,1102.682094,1051.430465,4339.556444,4632.584759,3536.996477
